   c  s cnt l n  v  L C  A  D  r h  w f  b rh g lg p nas 
NA 0 0 0 0 0 0 0 0 0 0 0 0 0 0 0 0 0 0 0 0
DUM  -1 -1 -1 -1 -1 -1 -1 -1 -1 -1 -1 -1 -1 -1 -1 -1 -1 -1 -1 -1
5 -1 1 1 -1 -1 1 1 -1 0 1 1 -1 1 -1 1 -1 -1 0 -1 -1
A -1 1 1 -1 -1 1 -1 -1 0 1 -1 -1 1 -1 1 -1 -1 0 -1 -1
Ah -1 1 1 -1 -1 1 -1 -1 0 1 -1 -1 1 -1 1 -1 -1 0 -1 -1
Ar -1 1 1 -1 -1 1 -1 -1 0 1 -1 -1 1 -1 1 1 -1 0 -1 -1
A: -1 1 1 -1 -1 1 -1 -1 0 1 -1 -1 1 -1 1 -1 -1 1 -1 -1
6 -1 1 1 -1 -1 1 1 -1 0 1 1 -1 1 1 -1 -1 -1 0 -1 -1
a -1 1 1 -1 -1 1 -1 -1 0 1 -1 -1 1 -1 -1 -1 -1 0 -1 -1
ah -1 1 1 -1 -1 1 -1 -1 0 1 -1 -1 1 -1 -1 -1 -1 0 -1 -1
aI -1 1 1 -1 -1 1 -1 -1 0 1 -1 1 -1 1 -1 -1 -1 0 -1 -1
aU -1 1 1 -1 -1 1 1 -1 0 1 1 1 -1 -1 1 -1 -1 0 -1 -1
au -1 1 1 -1 -1 1 1 -1 0 1 1 1 -1 -1 1 -1 -1 0 -1 -1
oU -1 1 1 -1 -1 1 1 -1 0 1 1 1 -1 -1 1 -1 -1 0 -1 -1
oI -1 1 1 -1 -1 1 1 -1 0 1 0 -1 -1 -1 1 -1 -1 0 -1 -1
@ -1 1 1 -1 -1 1 -1 -1 0 1 -1 -1 1 1 -1 -1 -1 0 -1 -1
^ -1 1 1 -1 -1 1 -1 -1 0 1 -1 -1 -1 -1 1 -1 -1 0 -1 -1
> -1 1 1 -1 -1 1 1 -1 0 1 1 -1 -1 -1 1 -1 -1 0 -1 -1
>: -1 1 1 -1 -1 1 1 -1 0 1 1 -1 -1 -1 1 -1 -1 1 -1 -1
>j -1 1 1 -1 -1 1 1 -1 0 1 1 -1 -1 -1 1 -1 -1 0 -1 -1
>I -1 1 1 -1 -1 1 1 -1 0 1 1 1 -1 1 1 -1 -1 0 -1 -1
>~ -1 1 1 -1 -1 1 1 -1 0 1 1 -1 -1 -1 1 -1 -1 0 -1 1 
o -1 1 1 -1 -1 1 1 -1 0 1 1 -1 -1 -1 1 -1 -1 0 -1 -1
oh -1 1 1 -1 -1 1 1 -1 0 1 1 -1 -1 -1 1 -1 -1 0 -1 -1
o: -1 1 1 -1 -1 1 1 -1 0 1 1 -1 -1 -1 1 -1 -1 1 -1 -1
io -1 1 1 -1 -1 1 1 -1 0 1 1 -1 -1 -1 1 -1 -1 0 -1 -1
2 -1 1 1 -1 -1 1 -1 -1 0 1 -1 -1 -1 -1 1 -1 -1 0 -1 -1
8 -1 1 1 -1 -1 1 1 -1 0 1 1 -1 -1 1 -1 -1 -1 0 -1 -1
& -1 1 1 -1 -1 1 -1 -1 0 1 -1 -1 -1 -1 -1 -1 -1 0 -1 -1
3 -1 1 1 -1 -1 1 -1 -1 0 1 -1 -1 -1 -1 -1 -1 -1 1 -1 -1
&~ -1 1 1 -1 -1 1 -1 -1 0 1 -1 -1 -1 -1 -1 -1 -1 0 -1 1
e -1 1 1 -1 -1 1 -1 -1 0 1 -1 -1 -1 1 -1 -1 -1 0 -1 -1
eh -1 1 1 -1 -1 1 -1 -1 0 1 -1 -1 -1 1 -1 -1 -1 0 -1 -1
ej -1 1 1 -1 -1 1 -1 -1 0 1 -1 -1 -1 1 -1 -1 -1 0 -1 -1
e: -1 1 1 -1 -1 1 -1 -1 0 1 -1 -1 -1 1 -1 -1 -1 1 -1 -1
ie -1 1 1 -1 -1 1 -1 -1 0 1 -1 -1 -1 1 -1 -1 -1 0 -1 -1
ei -1 1 1 -1 -1 1 -1 -1 0 1 -1 -1 -1 1 -1 -1 -1 0 -1 -1
7 -1 1 1 -1 -1 1 1 -1 0 1 1 -1 -1 1 -1 -1 -1 0 -1 -1
E -1 1 1 -1 -1 1 -1 -1 0 1 -1 -1 -1 1 -1 -1 -1 0 -1 -1
Ej -1 1 1 -1 -1 1 -1 -1 0 1 -1 -1 -1 1 -1 -1 -1 0 -1 -1
E: -1 1 1 -1 -1 1 -1 -1 0 1 -1 -1 -1 1 -1 -1 -1 1 -1 -1
E~ -1 1 1 -1 -1 1 -1 -1 0 1 -1 -1 -1 1 -1 -1 -1 0 -1 1
ox -1 1 1 -1 -1 1 1 -1 0 1 1 -1 -1 -1 -1 -1 -1 0 -1 -1
4 -1 1 1 -1 -1 1 -1 -1 0 1 -1 1 -1 -1 1 -1 -1 0 -1 -1
4: -1 1 1 -1 -1 1 -1 -1 0 1 -1 1 -1 -1 1 -1 -1 1 -1 -1
u -1 1 1 -1 -1 1 1 -1 0 1 1 1 -1 -1 1 -1 -1 0 -1 -1
u( -1 1 1 -1 -1 1 1 -1 0 1 1 1 -1 -1 1 -1 -1 -1 -1 -1
ui -1 1 1 -1 -1 1 1 -1 0 1 1 1 -1 1 1 -1 -1 0 -1 -1
u& -1 1 1 -1 -1 1 1 -1 0 1 1 1 1 -1 1 -1 -1 0 -1 -1
ua -1 1 1 -1 -1 1 1 -1 0 1 1 1 -1 -1 1 -1 -1 0 -1 -1
U -1 1 1 -1 -1 1 1 -1 0 1 1 1 -1 -1 1 -1 -1 -1 -1 -1
ix -1 1 1 -1 -1 1 -1 -1 0 1 -1 1 -1 -1 -1 -1 -1 0 -1 -1
If -1 1 1 -1 -1 1 -1 -1 0 1 -1 1 -1 -1 -1 -1 -1 0 -1 -1
ux -1 1 1 -1 -1 1 1 -1 0 1 1 1 -1 -1 -1 -1 -1 0 -1 -1
y -1 1 1 -1 -1 1 1 -1 0 1 1 1 -1 1 -1 -1 -1 0 -1 -1
yu -1 1 1 -1 -1 1 1 -1 0 1 1 1 -1 1 -1 -1 -1 0 -1 -1
i -1 1 1 -1 -1 1 -1 -1 0 1 -1 1 -1 1 -1 -1 -1 0 -1 -1
ih -1 1 1 -1 -1 1 -1 -1 0 1 -1 1 -1 1 -1 -1 -1 0 -1 -1
Y -1 1 1 -1 -1 1 1 -1 0 1 1 1 -1 1 -1 -1 -1 -1 0 -1
I -1 1 1 -1 -1 1 -1 -1 0 1 -1 1 -1 1 -1 -1 -1 -1 -1 -1
p 1 -1 -1 -1 -1 -1 1 -1 0 -1 -1 0 0 0 0 -1 -1 0 -1 -1
pw 1 -1 -1 -1 -1 -1 1 -1 0 -1 1 0 0 0 0 -1 -1 0 -1 -1
b 1 -1 -1 -1 -1 1 1 -1 0 -1 -1 0 0 0 0 -1 -1 0 -1 -1
bw 1 -1 -1 -1 -1 1 1 -1 0 -1 1 0 0 0 0 -1 -1 0 -1 -1
t 1 -1 -1 -1 -1 -1 -1 1 1 -1 -1 0 0 0 0 -1 -1 0 -1 -1
tw 1 -1 -1 -1 -1 -1 1 1 1 -1 -1 0 0 0 0 -1 -1 0 -1 -1
tj 1 -1 -1 -1 -1 -1 -1 1 1 -1 -1 0 0 0 0 -1 -1 0 -1 -1
tl 1 -1 -1 1 -1 -1 -1 1 1 -1 -1 0 0 0 0 -1 -1 0 -1 -1
t[ 1 -1 -1 -1 -1 -1 -1 1 1 -1 -1 0 0 0 0 -1 -1 0 -1 -1
t[_h 1 -1 -1 -1 -1 -1 -1 1 1 -1 -1 0 0 0 0 -1 -1 0 -1 -1
d 1 -1 -1 -1 -1 1 -1 1 1 -1 -1 0 0 0 0 -1 -1 0 -1 -1
dj 1 -1 -1 -1 -1 1 -1 1 1 -1 -1 0 0 0 0 -1 -1 0 -1 -1
d[ 1 -1 -1 -1 -1 1 -1 1 1 -1 -1 0 0 0 0 -1 -1 0 -1 -1
d[_h 1 -1 -1 -1 -1 1 -1 1 1 -1 -1 0 0 0 0 -1 -1 0 -1 -1
tr 1 -1 -1 -1 -1 -1 -1 1 -1 -1 -1 0 0 0 0 -1 -1 0 -1 -1
trh 1 -1 -1 -1 -1 -1 -1 1 -1 -1 -1 0 0 0 0 -1 -1 0 -1 -1
tR 1 -1 -1 -1 -1 -1 -1 1 -1 -1 -1 0 0 0 0 -1 -1 0 -1 -1
dr 1 -1 -1 -1 -1 -1 -1 1 -1 -1 -1 0 0 0 0 -1 -1 0 -1 -1
dR 1 -1 -1 -1 -1 -1 -1 1 -1 -1 -1 0 0 0 0 -1 -1 0 -1 -1
c 1 -1 -1 -1 -1 -1 -1 1 -1 1 -1 1 -1 1 -1 -1 -1 0 -1 -1
cw 1 -1 -1 -1 -1 -1 1 1 -1 1 -1 1 -1 1 -1 -1 -1 0 -1 -1
c} 1 -1 -1 -1 -1 -1 -1 1 1 1 -1 1 -1 1 -1 -1 -1 0 -1 -1
c}h 1 -1 -1 -1 -1 -1 -1 1 1 1 -1 1 -1 1 -1 -1 -1 0 -1 -1
J 1 -1 -1 -1 -1 1 -1 1 -1 1 -1 1 -1 1 -1 -1 -1 0 -1 -1
k 1 -1 -1 -1 -1 -1 -1 -1 0 1 -1 1 -1 0 0 -1 -1 0 -1 -1
kw 1 -1 -1 -1 -1 -1 -1 -1 0 1 1 1 -1 0 0 -1 -1 0 -1 -1
kj 1 -1 -1 -1 -1 -1 -1 -1 0 1 -1 1 -1 0 0 -1 -1 0 -1 -1
g 1 -1 -1 -1 -1 1 -1 -1 0 1 -1 1 -1 0 0 -1 -1 0 -1 -1
gr 1 -1 -1 -1 -1 1 -1 -1 0 1 -1 1 -1 0 0 1 -1 0 -1 -1
gj 1 -1 -1 -1 -1 1 -1 -1 0 1 -1 1 -1 0 0 -1 -1 0 -1 -1
q 1 -1 -1 -1 -1 -1 -1 -1 0 1 -1 -1 -1 -1 1 -1 -1 0 -1 -1
q> 1 -1 -1 -1 -1 -1 -1 -1 0 1 -1 -1 -1 -1 1 -1 -1 0 -1 -1
Q 1 -1 -1 -1 -1 1 -1 -1 0 1 -1 -1 -1 -1 1 -1 -1 0 -1 -1
?  1 -1 -1 -1 -1 -1 -1 -1 0 -1 -1 0 0 0 0 -1 1 0 -1 -1
p> 1 -1 -1 -1 -1 -1 1 -1 0 -1 -1 0 0 0 0 -1 -1 0 -1 -1
t> 1 -1 -1 -1 -1 -1 -1 1 1 -1 -1 0 0 0 0 -1 -1 0 -1 -1
t[> 1 -1 -1 -1 -1 -1 -1 1 1 -1 -1 0 0 0 0 -1 -1 0 -1 -1
k> 1 -1 -1 -1 -1 -1 -1 -1 0 1 -1 1 -1 0 0 -1 -1 0 -1 -1
k>j 1 -1 -1 -1 -1 -1 -1 -1 0 1 -1 1 -1 0 0 -1 -1 0 -1 -1
ph 1 -1 -1 -1 -1 -1 1 -1 0 -1 -1 0 0 0 0 -1 -1 0 -1 -1
th 1 -1 -1 -1 -1 -1 -1 1 1 -1 -1 0 0 0 0 -1 -1 0 -1 -1
thl 1 -1 -1 1 -1 -1 -1 1 1 -1 -1 0 0 0 0 -1 -1 0 -1 -1
kh 1 -1 -1 -1 -1 -1 -1 -1 0 1 -1 1 -1 0 0 -1 -1 0 -1 -1
ch 1 -1 -1 -1 -1 -1 -1 1 -1 1 -1 1 -1 1 -1 -1 -1 0 -1 -1
qh 1 -1 -1 -1 -1 -1 -1 -1 0 1 -1 -1 -1 -1 1 -1 -1 0 -1 -1
m 1 1 -1 -1 1 1 1 -1 0 -1 -1 0 0 0 0 -1 -1 0 -1 0
m0 1 1 -1 -1 1 -1 1 -1 0 -1 -1 0 0 0 0 -1 -1 0 -1 0
mh 1 1 -1 -1 1 1 1 -1 0 -1 -1 0 0 0 0 -1 -1 0 -1 0
mw 1 1 -1 -1 1 1 1 -1 0 -1 1 0 0 0 0 -1 -1 0 -1 0
mj 1 1 -1 -1 1 1 1 -1 0 -1 -1 0 0 0 0 -1 -1 0 -1 0
M 1 1 -1 -1 1 1 1 -1 0 -1 -1 0 0 0 0 -1 -1 0 -1 0
n 1 1 -1 -1 1 1 -1 1 1 -1 -1 0 0 0 0 -1 -1 0 -1 0
n0 1 1 -1 -1 1 -1 -1 1 1 -1 -1 0 0 0 0 -1 -1 0 -1 0
nw 1 1 -1 -1 1 1 1 1 1 -1 -1 0 0 0 0 -1 -1 0 -1 0
nj 1 1 -1 -1 1 1 -1 1 1 -1 -1 0 0 0 0 -1 -1 0 -1 0
nh 1 1 -1 -1 1 1 -1 1 1 -1 -1 0 0 0 0 -1 -1 0 -1 0
n[ 1 1 -1 -1 1 1 -1 1 1 -1 -1 0 0 0 0 -1 -1 0 -1 0
n~ 1 1 -1 -1 1 1 -1 1 -1 -1 -1 0 0 0 0 -1 -1 0 -1 0
nr 1 1 -1 -1 1 1 -1 1 -1 1 -1 0 0 0 0 1 -1 0 -1 0
Nq 1 1 -1 -1 1 1 -1 -1 0 1 -1 -1 -1 -1 1 -1 -1 0 -1 0
w 0 1 1 -1 -1 1 1 -1 0 1 1 1 -1 -1 1 -1 -1 0 -1 -1
V[ 0 1 1 -1 -1 1 1 -1 0 -1 -1 0 0 0 0 -1 -1 0 -1 -1
9 1 1 1 -1 -1 1 -1 1 -1 -1 -1 0 0 0 0 1 -1 0 -1 -1
9r 1 1 1 -1 -1 1 -1 1 -1 -1 -1 0 0 0 0 1 -1 0 -1 -1
9r: 1 1 1 -1 -1 1 -1 1 -1 -1 -1 0 0 0 0 1 -1 1 -1 -1
9rh 1 1 1 -1 -1 1 -1 1 -1 -1 -1 0 0 0 0 1 -1 0 -1 -1
9r[ 1 1 1 -1 -1 1 -1 1 -1 -1 -1 0 0 0 0 1 -1 0 -1 -1
9r= 1 1 1 -1 -1 1 -1 1 -1 -1 -1 0 0 0 0 1 -1 0 -1 -1
9rj 1 1 1 -1 -1 1 -1 1 -1 -1 -1 0 0 0 0 1 -1 0 -1 -1
j 0 1 1 -1 -1 1 -1 -1 0 1 -1 1 -1 1 -1 -1 -1 0 -1 -1
jw 0 1 1 -1 -1 1 1 -1 0 1 -1 1 -1 1 -1 -1 -1 0 -1 -1
j- 1 -1 -1 -1 -1 -1 -1 -1 0 1 -1 0 0 0 0 -1 -1 0 -1 -1
jr 0 1 1 -1 -1 1 -1 -1 0 1 -1 1 -1 1 -1 1 -1 0 -1 -1
4) 0 1 1 -1 -1 1 -1 -1 0 1 -1 1 -1 -1 1 -1 -1 0 -1 -1
l= 1 1 1 1 -1 1 -1 1 1 -1 -1 0 0 0 0 1 -1 0 -1 -1
l 1 1 1 1 -1 1 -1 1 1 -1 -1 0 0 0 0 1 -1 0 -1 -1
lw 1 1 1 1 -1 1 1 1 1 -1 -1 0 0 0 0 1 -1 0 -1 -1
lj 1 1 1 1 -1 1 -1 1 1 -1 -1 0 0 0 0 1 -1 0 -1 -1
lr= 1 1 1 1 -1 1 -1 1 1 -1 -1 0 0 0 0 1 -1 0 -1 -1 
lr 1 1 1 1 -1 1 -1 1 1 -1 -1 0 0 0 0 1 -1 0 -1 -1
Lg 1 1 1 1 -1 1 -1 -1 0 1 -1 1 -1 0 0 -1 -1 0 -1 -1
L 1 1 1 1 -1 1 -1 -1 0 1 -1 1 -1 1 -1 -1 -1 0 -1 -1
B 1 1 1 -1 -1 1 1 -1 0 -1 -1 0 0 0 0 -1 -1 0 -1 -1
r 1 1 1 -1 -1 1 -1 1 1 -1 -1 0 0 0 0 1 -1 0 -1 -1
rw 1 1 1 -1 -1 1 1 1 1 -1 -1 0 0 0 0 1 -1 0 -1 -1
r= 1 1 1 -1 -1 1 -1 1 1 -1 -1 0 0 0 0 1 -1 0 -1 -1
rh 1 1 1 -1 -1 1 -1 1 1 -1 -1 0 0 0 0 1 -1 0 -1 -1
R 1 1 1 -1 -1 1 -1 -1 0 1 -1 -1 -1 -1 1 1 -1 0 -1 -1
rr 1 1 1 -1 -1 1 -1 1 -1 -1 -1 0 0 0 0 1 -1 0 -1 -1
rr= 1 1 1 -1 -1 1 -1 1 -1 -1 -1 0 0 0 0 1 -1 0 -1 -1
r( 1 1 1 -1 -1 1 -1 1 1 -1 -1 0 0 0 0 1 -1 0 -1 -1
F 1 -1 1 -1 -1 -1 1 -1 0 -1 -1 0 0 0 0 -1 -1 0 -1 -1
V 1 -1 1 -1 -1 1 1 -1 0 -1 -1 0 0 0 0 -1 -1 0 -1 -1
f 1 -1 1 -1 -1 -1 1 -1 0 -1 -1 0 0 0 0 -1 -1 0 -1 -1
fj 1 -1 1 -1 -1 -1 1 -1 0 -1 -1 0 0 0 0 -1 -1 0 -1 -1
fw 1 -1 1 -1 -1 -1 1 -1 0 -1 1 0 0 0 0 -1 -1 0 -1 -1
v  1 -1  1 -1 -1 1 1 -1 0 -1 -1 0 0 0 0 -1 -1 0 -1 -1
vw  1 -1  1 -1 -1 1 1 -1 0 -1 -1 0 0 0 0 -1 -1 0 -1 -1
T 1 -1 1 -1 -1 -1 -1 1 1 -1 -1 0 0 0 0 -1 -1 0 -1 -1
D 1 -1 1 -1 -1 1 -1 1 1 -1 -1 0 0 0 0 -1 -1 0 -1 -1
Dw 1 -1 1 -1 -1 1 1 1 1 -1 -1 0 0 0 0 -1 -1 0 -1 -1
s  1 -1 1 -1 -1 -1 -1 1 1 -1 -1 0 0 0 0 -1 -1 0 -1 -1
sw  1 -1 1 -1 -1 -1 1 1 1 -1 -1 0 0 0 0 -1 -1 0 -1 -1
sj 1 -1 1 -1 -1 -1 -1 1 1 -1 -1 0 0 0 0 -1 -1 0 -1 -1
z 1 -1 1 -1 -1 1 -1 1 1 -1 -1 0 0 0 0 -1 -1 0 -1 -1
zh 1 -1 1 -1 -1 1 -1 1 1 -1 -1 0 0 0 0 -1 -1 0 -1 -1
z} 1 -1 1 -1 -1 -1 -1 1 1 -1 -1 0 0 0 0 -1 -1 0 -1 -1
S 1 -1 1 -1 -1 -1 -1 1 -1 -1 -1 0 0 0 0 -1 -1 0 -1 -1
Sw 1 -1 1 -1 -1 -1 1 1 -1 -1 -1 0 0 0 0 -1 -1 0 -1 -1
Sj 1 -1 1 -1 -1 -1 -1 1 -1 -1 -1 0 0 0 0 -1 -1 0 -1 -1
Z 1 -1 1 -1 -1 1 -1 1 -1 -1 -1 0 0 0 0 -1 -1 0 -1 -1
Z} 1 -1 1 -1 -1 1 -1 1 -1 -1 -1 0 0 0 0 -1 -1 0 -1 -1
sr 1 -1 1 -1 -1 -1 -1 1 -1 -1 -1 0 0 0 0 -1 -1 0 -1 -1
zr 1 -1 1 -1 -1 1 -1 1 -1 -1 -1 0 0 0 0 -1 -1 0 -1 -1
C 1 -1 1 -1 -1 -1 -1 1 -1 1 -1 1 -1 1 -1 -1 -1 0 -1 -1
j^ 1 -1  1 -1 -1 1 -1 1 -1  1 -1 1 -1 1 -1 -1 -1 0 -1 -1
x 1 -1 1 -1 -1 -1 -1 -1 0 1 -1 1 -1 0 0 -1 -1 0 -1 -1
G 1 -1 1 -1 -1 1 -1 -1 0 1 -1 0 0 0 0 -1 -1 0 -1 -1
Gw 1 -1 1 -1 -1 1 1 -1 0 1 -1 0 0 0 0 -1 -1 0 -1 -1
Gh 1 -1 1 -1 -1 1 -1 -1 0 1 -1 0 0 0 0 -1 -1 0 -1 -1
X 1 -1 1 -1 -1 -1 -1 -1 0 1 -1 -1 1 -1 1 -1 -1 0 -1 -1
K 1 -1 1 -1 -1 1 -1 -1 0 1 -1 -1 1 -1 1 -1 -1 0 -1 -1
H 1 -1 1 -1 -1 1 -1 -1 0 1 -1 -1 1 -1 1 -1 -1 0 -1 -1
HH 1 -1 -1 -1 -1 -1 -1 0 -1 -1 -1 0 0 0 0 -1 -1 -1 1 -1
HH_v 1 -1 -1 -1 -1 1 -1 0 -1 -1 -1 0 0 0 0 -1 -1 -1 1 -1 
h 0 -1 1 -1 -1 -1 -1 -1 0 -1 -1 0 0 0 0 -1 -1 0 -1 -1
hw 0 -1 1 -1 -1 -1 1 -1 0 -1 -1 0 0 0 0 -1 -1 0 -1 -1
sh 1 -1 1 -1 -1 -1 -1 1 1 -1 -1 0 0 0 0 -1 -1 0 -1 -1
Ch 1 -1 1 -1 -1 -1 -1 1 -1 1 -1 1 -1 1 -1 -1 -1 0 -1 -1
hl 1 -1 1 1 -1 1 -1 1 0 -1 -1 0 0 0 0 -1 -1 0 -1 -1
Zl 1 -1 1 1 -1 1 -1 1 0 -1 -1 0 0 0 0 -1 -1 0 -1 -1
pf 1 -1 -1 -1 -1 -1 1 -1 0 -1 -1 0 0 0 0 -1 -1 0 -1 -1
bB 1 -1 -1 -1 -1 1 1 -1 0 -1 -1 0 0 0 0 -1 -1 0 -1 -1
bv 1 -1 -1 -1 -1 1 1 -1 0 -1 -1 0 0 0 0 -1 -1 0 -1 -1
ts 1 -1 -1 -1 -1 -1 -1 1 1 -1 -1 0 0 0 0 -1 -1 0 -1 -1
ts> 1 -1 -1 -1 -1 -1 -1 1 1 -1 -1 0 0 0 0 -1 -1 0 -1 -1
ts_r 1 -1 -1 -1 -1 -1 -1 1 -1 -1 -1 0 0 0 0 1 -1 0 -1 -1
ts_rh 1 -1 -1 -1 -1 -1 -1 1 -1 -1 -1 0 0 0 0 1 -1 0 -1 -1
tsr 1 -1 -1 -1 -1 -1 -1 1 -1 -1 -1 0 0 0 0 -1 -1 0 -1 -1
dz 1 -1 -1 -1 -1 1 -1 1 1 -1 -1 0 0 0 0 -1 -1 0 -1 -1
dzr 1 -1 -1 -1 -1 1 -1 1 1 -1 -1 0 0 0 0 1 -1 0 -1 -1
tSj 1 -1 -1 -1 -1 -1 -1 1 -1 -1 -1 0 0 0 0 -1 -1 0 -1 -1
tS 1 -1 -1 -1 -1 -1 -1 1 -1 -1 -1 0 0 0 0 -1 -1 0 -1 -1
dZ 1 -1 -1 -1 -1 1 -1 1 -1 -1 -1 0 0 0 0 -1 -1 0 -1 -1
cC 1 -1 -1 -1 -1 -1 -1 1 -1 1 -1 1 -1 1 -1 -1 -1 0 -1 -1
kx 1 -1 -1 -1 -1 -1 -1 -1 0 1 -1 1 -1 0 0 -1 -1 0 -1 -1
qX 1 -1 -1 -1 -1 -1 -1 -1 0 1 -1 -1 -1 -1 1 -1 -1 0 -1 -1
kp 1 -1 -1 -1 -1 -1 1 -1 0 1 -1 1 -1 0 0 -1 -1 0 -1 -1
gb 1 -1 -1 -1 -1 1 1 -1 0 1 -1 1 -1 0 0 -1 -1 0 -1 -1
pt 1 -1 -1 -1 -1 -1 1 1 1 -1 -1 0 0 0 0 -1 -1 0 -1 -1
bd 1 -1 -1 -1 -1 1 1 1 1 -1 -1 0 0 0 0 -1 -1 0 -1 -1
tsh 1 -1 -1 -1 -1 -1 -1 1 1 -1 -1 0 0 0 0 -1 -1 0 -1 -1
tshr 1 -1 -1 -1 -1 -1 -1 1 -1 -1 -1 0 0 0 0 -1 -1 0 -1 -1
tSh 1 -1 -1 -1 -1 -1 -1 1 -1 -1 -1 0 0 0 0 -1 -1 0 -1 -1
cCh 1 -1 -1 -1 -1 -1 -1 1 -1 1 -1 1 -1 1 -1 -1 -1 0 -1 -1
tS> 1 -1 -1 -1 -1 -1 -1 1 -1 -1 -1 0 0 0 0 -1 -1 0 -1 -1
cC> 1 -1 -1 -1 -1 -1 -1 1 -1 1 -1 1 -1 1 -1 -1 -1 0 -1 -1
3r 0 1 1 0 -1 1 -1 -1 0 1 -1 -1 -1 -1 -1 1 -1 -1 -1 -1
4r 0 1 1 0 -1 1 -1 -1 0 1 -1 1 -1 -1 1 1 -1 -1 -1 -1
&r 0 1 1 0 -1 1 -1 -1 0 1 -1 -1 -1 -1 -1 1 -1 -1 -1 -1
?a -1 1 1 -1 -1 1 -1 -1 0 1 -1 -1 1 -1 -1 -1 1 0 -1 -1
?u -1 1 1 -1 -1 1 1 -1 0 1 1 1 -1 -1 1 -1 1 0 -1 -1
?i -1 1 1 -1 -1 1 -1 -1 0 1 -1 1 -1 1 -1 -1 1 0 -1 -1
t! 1 -1 -1 -1 -1 -1 -1 1 1 -1 -1 0 0 0 1 -1 -1 0 -1 -1
d! 1 -1 -1 -1 -1 1 -1 1 1 -1 -1 0 0 0 1 -1 -1 0 -1 -1
p_c 1 -1 -1 -1 -1 -1 1 -1 0 -1 -1 0 0 0 0 -1 -1 0 -1 -1
pw_c 1 -1 -1 -1 -1 -1 1 -1 0 -1 1 0 0 0 0 -1 -1 0 -1 -1
b_c 1 -1 -1 -1 -1 1 1 -1 0 -1 -1 0 0 0 0 -1 -1 0 -1 -1
bw_c 1 -1 -1 -1 -1 1 1 -1 0 -1 1 0 0 0 0 -1 -1 0 -1 -1
t_c 1 -1 -1 -1 -1 -1 -1 1 1 -1 -1 0 0 0 0 -1 -1 0 -1 -1
tw_c 1 -1 -1 -1 -1 -1 1 1 1 -1 -1 0 0 0 0 -1 -1 0 -1 -1
tj_c 1 -1 -1 -1 -1 -1 -1 1 1 -1 -1 0 0 0 0 -1 -1 0 -1 -1
l_c 1 -1 -1 1 -1 -1 -1 1 1 -1 -1 0 0 0 0 -1 -1 0 -1 -1
lw_c 1 -1 -1 1 -1 -1 1 1 1 -1 -1 0 0 0 0 -1 -1 0 -1 -1
t[_c 1 -1 -1 -1 -1 -1 -1 1 1 -1 -1 0 0 0 0 -1 -1 0 -1 -1
t[_h_c 1 -1 -1 -1 -1 -1 -1 1 1 -1 -1 0 0 0 0 -1 -1 0 -1 -1
d_c 1 -1 -1 -1 -1 1 -1 1 1 -1 -1 0 0 0 0 -1 -1 0 -1 -1
dj_c 1 -1 -1 -1 -1 1 -1 1 1 -1 -1 0 0 0 0 -1 -1 0 -1 -1
d[_c 1 -1 -1 -1 -1 1 -1 1 1 -1 -1 0 0 0 0 -1 -1 0 -1 -1
d[_h_c 1 -1 -1 -1 -1 1 -1 1 1 -1 -1 0 0 0 0 -1 -1 0 -1 -1
tr_c 1 -1 -1 -1 -1 -1 -1 1 -1 -1 -1 0 0 0 0 -1 -1 0 -1 -1
trh_c 1 -1 -1 -1 -1 -1 -1 1 -1 -1 -1 0 0 0 0 -1 -1 0 -1 -1
tR_c 1 -1 -1 -1 -1 -1 -1 1 -1 -1 -1 0 0 0 0 -1 -1 0 -1 -1
dr_c 1 -1 -1 -1 -1 -1 -1 1 -1 -1 -1 0 0 0 0 -1 -1 0 -1 -1
dR_c 1 -1 -1 -1 -1 -1 -1 1 -1 -1 -1 0 0 0 0 -1 -1 0 -1 -1
c_c 1 -1 -1 -1 -1 -1 -1 1 -1 1 -1 1 -1 1 -1 -1 -1 0 -1 -1
cw_c 1 -1 -1 -1 -1 -1 1 1 -1 1 -1 1 -1 1 -1 -1 -1 0 -1 -1
c}_c 1 -1 -1 -1 -1 -1 -1 1 1 1 -1 1 -1 1 -1 -1 -1 0 -1 -1
c}h_c 1 -1 -1 -1 -1 -1 -1 1 1 1 -1 1 -1 1 -1 -1 -1 0 -1 -1
J_c 1 -1 -1 -1 -1 1 -1 1 -1 1 -1 1 -1 1 -1 -1 -1 0 -1 -1
k_c 1 -1 -1 -1 -1 -1 -1 -1 0 1 -1 1 -1 0 0 -1 -1 0 -1 -1
kw_c 1 -1 -1 -1 -1 -1 -1 -1 0 1 1 1 -1 0 0 -1 -1 0 -1 -1
kj_c 1 -1 -1 -1 -1 -1 -1 -1 0 1 -1 1 -1 0 0 -1 -1 0 -1 -1
g_c 1 -1 -1 -1 -1 1 -1 -1 0 1 -1 1 -1 0 0 -1 -1 0 -1 -1
gj_c 1 -1 -1 -1 -1 1 -1 -1 0 1 -1 1 -1 0 0 -1 -1 0 -1 -1
gr_c 1 -1 -1 -1 -1 1 -1 -1 0 1 -1 1 -1 0 0 1 -1 0 -1 -1
q_c 1 -1 -1 -1 -1 -1 -1 -1 0 1 -1 -1 -1 -1 1 -1 -1 0 -1 -1
q>_c 1 -1 -1 -1 -1 -1 -1 -1 0 1 -1 -1 -1 -1 1 -1 -1 0 -1 -1
Q_c 1 -1 -1 -1 -1 1 -1 -1 0 1 -1 -1 -1 -1 1 -1 -1 0 -1 -1
?_c 1 -1 -1 -1 -1 -1 -1 -1 0 -1 -1 0 0 0 0 -1 1 0 -1 -1
p>_c 1 -1 -1 -1 -1 -1 1 -1 0 -1 -1 0 0 0 0 -1 -1 0 -1 -1
t>_c 1 -1 -1 -1 -1 -1 -1 1 1 -1 -1 0 0 0 0 -1 -1 0 -1 -1
t[>_c 1 -1 -1 -1 -1 -1 -1 1 1 -1 -1 0 0 0 0 -1 -1 0 -1 -1
k>_c 1 -1 -1 -1 -1 -1 -1 -1 0 1 -1 1 -1 0 0 -1 -1 0 -1 -1
k>j_c 1 -1 -1 -1 -1 -1 -1 -1 0 1 -1 1 -1 0 0 -1 -1 0 -1 -1
ph_c 1 -1 -1 -1 -1 -1 1 -1 0 -1 -1 0 0 0 0 -1 -1 0 -1 -1
th_c 1 -1 -1 -1 -1 -1 -1 1 1 -1 -1 0 0 0 0 -1 -1 0 -1 -1
thl_c 1 -1 -1 1 -1 -1 -1 1 1 -1 -1 0 0 0 0 -1 -1 0 -1 -1
kh_c 1 -1 -1 -1 -1 -1 -1 -1 0 1 -1 1 -1 0 0 -1 -1 0 -1 -1
ch_c 1 -1 -1 -1 -1 -1 -1 1 -1 1 -1 1 -1 1 -1 -1 -1 0 -1 -1
qh_c 1 -1 -1 -1 -1 -1 -1 -1 0 1 -1 -1 -1 -1 1 -1 -1 0 -1 -1
thr_c 1 -1 -1 -1 -1 -1 -1 1 -1 -1 -1 0 0 0 0 -1 -1 0 -1 -1
m_c 1 1 -1 -1 1 1 1 -1 0 -1 -1 0 0 0 0 -1 -1 0 -1 0
m0_c 1 1 -1 -1 1 -1 1 -1 0 -1 -1 0 0 0 0 -1 -1 0 -1 0
mh_c 1 1 -1 -1 1 1 1 -1 0 -1 -1 0 0 0 0 -1 -1 0 -1 0
mw_c 1 1 -1 -1 1 1 1 -1 0 -1 1 0 0 0 0 -1 -1 0 -1 0
mj_c 1 1 -1 -1 1 1 1 -1 0 -1 -1 0 0 0 0 -1 -1 0 -1 0
M_c 1 1 -1 -1 1 1 1 -1 0 -1 -1 0 0 0 0 -1 -1 0 -1 0
n_c 1 1 -1 -1 1 1 -1 1 1 -1 -1 0 0 0 0 -1 -1 0 -1 0
n0_c 1 1 -1 -1 1 -1 -1 1 1 -1 -1 0 0 0 0 -1 -1 0 -1 0
nw_c 1 1 -1 -1 1 1 1 1 1 -1 -1 0 0 0 0 -1 -1 0 -1 0
nj_c 1 1 -1 -1 1 1 -1 1 1 -1 -1 0 0 0 0 -1 -1 0 -1 0
nh_c 1 1 -1 -1 1 1 -1 1 1 -1 -1 0 0 0 0 -1 -1 0 -1 0
n[_c 1 1 -1 -1 1 1 -1 1 1 -1 -1 0 0 0 0 -1 -1 0 -1 0
n~_c 1 1 -1 -1 1 1 -1 1 -1 -1 -1 0 0 0 0 -1 -1 0 -1 0
nr_c 1 1 -1 -1 1 1 -1 1 -1 1 -1 0 0 0 0 1 -1 0 -1 0
N 1 1 -1 -1 1 1 -1 -1 0 1 -1 1 -1 0 0 -1 -1 0 -1 0
N_c 1 1 -1 -1 1 1 -1 -1 0 1 -1 1 -1 0 0 -1 -1 0 -1 0
Nq_c 1 1 -1 -1 1 1 -1 -1 0 1 -1 -1 -1 -1 1 -1 -1 0 -1 0
w_c 0 1 1 -1 -1 1 1 -1 0 1 1 1 -1 -1 1 -1 -1 0 -1 -1
V[_c 0 1 1 -1 -1 1 1 -1 0 -1 -1 0 0 0 0 -1 -1 0 -1 -1
9_c 1 1 1 -1 -1 1 -1 1 -1 -1 -1 0 0 0 0 1 -1 0 -1 -1
9r_c 1 1 1 -1 -1 1 -1 1 -1 -1 -1 0 0 0 0 1 -1 0 -1 -1
9rh_c 1 1 1 -1 -1 1 -1 1 -1 -1 -1 0 0 0 0 1 -1 0 -1 -1
9r:_c 1 1 1 -1 -1 1 -1 1 -1 -1 -1 0 0 0 0 1 -1 1 -1 -1
9r[_c 1 1 1 -1 -1 1 -1 1 -1 -1 -1 0 0 0 0 1 -1 0 -1 -1
9r=_c 1 1 1 -1 -1 1 -1 1 -1 -1 -1 0 0 0 0 1 -1 0 -1 -1
j_c 0 1 1 -1 -1 1 -1 -1 0 1 -1 1 -1 1 -1 -1 -1 0 -1 -1
jw_c 0 1 1 -1 -1 1 1 -1 0 1 -1 1 -1 1 -1 -1 -1 0 -1 -1
jr_c 0 1 1 -1 -1 1 -1 -1 0 1 -1 1 -1 1 -1 1 -1 0 -1 -1
4)_c 0 1 1 -1 -1 1 -1 -1 0 1 -1 1 -1 -1 1 -1 -1 0 -1 -1
l=_c 1 1 1 1 -1 1 -1 1 1 -1 -1 0 0 0 0 1 -1 0 -1 -1
lr=_c 1 1 1 1 -1 1 -1 1 1 -1 -1 0 0 0 0 1 -1 0 -1 -1
lr_c 1 1 1 1 -1 1 -1 1 1 -1 -1 0 0 0 0 1 -1 0 -1 -1
l_c 1 1 1 1 -1 1 -1 1 1 -1 -1 0 0 0 0 1 -1 0 -1 -1
lj_c 1 1 1 1 -1 1 -1 1 1 -1 -1 0 0 0 0 1 -1 0 -1 -1
Lg_c 1 1 1 1 -1 1 -1 -1 0 1 -1 1 -1 0 0 -1 -1 0 -1 -1
L_c 1 1 1 1 -1 1 -1 -1 0 1 -1 1 -1 1 -1 -1 -1 0 -1 -1
B_c 1 1 1 -1 -1 1 1 -1 0 -1 -1 0 0 0 0 -1 -1 0 -1 -1
r_c 1 1 1 -1 -1 1 -1 1 1 -1 -1 0 0 0 0 1 -1 0 -1 -1
rw_c 1 1 1 -1 -1 1 1 1 1 -1 -1 0 0 0 0 1 -1 0 -1 -1
r=_c 1 1 1 -1 -1 1 -1 1 1 -1 -1 0 0 0 0 1 -1 0 -1 -1
rh_c 1 1 1 -1 -1 1 -1 1 1 -1 -1 0 0 0 0 1 -1 0 -1 -1
R_c 1 1 1 -1 -1 1 -1 -1 0 1 -1 -1 -1 -1 1 1 -1 0 -1 -1
rr_c 1 1 1 -1 -1 1 -1 1 -1 -1 -1 0 0 0 0 1 -1 0 -1 -1
rr=_c 1 1 1 -1 -1 1 -1 1 -1 -1 -1 0 0 0 0 1 -1 0 -1 -1
r(_c 1 1 1 -1 -1 1 -1 1 1 -1 -1 0 0 0 0 1 -1 0 -1 -1
F_c 1 -1 1 -1 -1 -1 1 -1 0 -1 -1 0 0 0 0 -1 -1 0 -1 -1
V_c 1 -1 1 -1 -1 1 1 -1 0 -1 -1 0 0 0 0 -1 -1 0 -1 -1
f_c 1 -1 1 -1 -1 -1 1 -1 0 -1 -1 0 0 0 0 -1 -1 0 -1 -1
fw_c 1 -1 1 -1 -1 -1 1 -1 0 -1 1 0 0 0 0 -1 -1 0 -1 -1
fj_c 1 -1 1 -1 -1 -1 1 -1 0 -1 -1 0 0 0 0 -1 -1 0 -1 -1
v_c 1 -1 1 -1 -1 1 1 -1 0 -1 -1 0 0 0 0 -1 -1 0 -1 -1
vw_c 1 -1 1 -1 -1 1 1 -1 0 -1 -1 0 0 0 0 -1 -1 0 -1 -1
T_c 1 -1 1 -1 -1 -1 -1 1 1 -1 -1 0 0 0 0 -1 -1 0 -1 -1
D_c 1 -1 1 -1 -1 1 -1 1 1 -1 -1 0 0 0 0 -1 -1 0 -1 -1
Dw_c 1 -1 1 -1 -1 1 1 1 1 -1 -1 0 0 0 0 -1 -1 0 -1 -1
s_c 1 -1 1 -1 -1 -1 -1 1 1 -1 -1 0 0 0 0 -1 -1 0 -1 -1
sw_c 1 -1 1 -1 -1 -1 1 1 1 -1 -1 0 0 0 0 -1 -1 0 -1 -1
sj_c 1 -1 1 -1 -1 -1 -1 1 1 -1 -1 0 0 0 0 -1 -1 0 -1 -1
z_c 1 -1 1 -1 -1 1 -1 1 1 -1 -1 0 0 0 0 -1 -1 0 -1 -1
zh_c 1 -1 1 -1 -1 1 -1 1 1 -1 -1 0 0 0 0 -1 -1 0 -1 -1
S_c 1 -1 1 -1 -1 -1 -1 1 -1 -1 -1 0 0 0 0 -1 -1 0 -1 -1
Sw_c 1 -1 1 -1 -1 -1 1 1 -1 -1 -1 0 0 0 0 -1 -1 0 -1 -1
Sj_c 1 -1 1 -1 -1 -1 -1 1 -1 -1 -1 0 0 0 0 -1 -1 0 -1 -1
Z_c 1 -1 1 -1 -1 1 -1 1 -1 -1 -1 0 0 0 0 -1 -1 0 -1 -1
Z}_c 1 -1 1 -1 -1 1 -1 1 -1 -1 -1 0 0 0 0 -1 -1 0 -1 -1
sr_c 1 -1 1 -1 -1 -1 -1 1 -1 -1 -1 0 0 0 0 -1 -1 0 -1 -1
zr_c 1 -1 1 -1 -1 1 -1 1 -1 -1 -1 0 0 0 0 -1 -1 0 -1 -1
C_c 1 -1 1 -1 -1 -1 -1 1 -1 1 -1 1 -1 1 -1 -1 -1 0 -1 -1
j^_c 1 -1 1 -1 -1 1 -1 1 -1 1 -1 1 -1 1 -1 -1 -1 0 -1 -1
x_c 1 -1 1 -1 -1 -1 -1 -1 0 1 -1 1 -1 0 0 -1 -1 0 -1 -1
G_c 1 -1 1 -1 -1 1 -1 -1 0 1 -1 0 0 0 0 -1 -1 0 -1 -1
Gw_c 1 -1 1 -1 -1 1 1 -1 0 1 -1 0 0 0 0 -1 -1 0 -1 -1
Gh_c 1 -1 1 -1 -1 1 -1 -1 0 1 -1 0 0 0 0 -1 -1 0 -1 -1
X_c 1 -1 1 -1 -1 -1 -1 -1 0 1 -1 -1 1 -1 1 -1 -1 0 -1 -1
K_c 1 -1 1 -1 -1 1 -1 -1 0 1 -1 -1 1 -1 1 -1 -1 0 -1 -1
H_c 1 -1 1 -1 -1 1 -1 -1 0 1 -1 -1 1 -1 1 -1 -1 0 -1 -1
h_c 0 -1 1 -1 -1 -1 -1 -1 0 -1 -1 0 0 0 0 -1 -1 0 -1 -1
hw_c 0 -1 1 -1 -1 -1 1 -1 0 -1 -1 0 0 0 0 -1 -1 0 -1 -1
sh_c 1 -1 1 -1 -1 -1 -1 1 1 -1 -1 0 0 0 0 -1 -1 0 -1 -1
Ch_c 1 -1 1 -1 -1 -1 -1 1 -1 1 -1 1 -1 1 -1 -1 -1 0 -1 -1
hl_c 1 -1 1 1 -1 1 -1 1 0 -1 -1 0 0 0 0 -1 -1 0 -1 -1
Zl_c 1 -1 1 1 -1 1 -1 1 0 -1 -1 0 0 0 0 -1 -1 0 -1 -1
pf_c 1 -1 -1 -1 -1 -1 1 -1 0 -1 -1 0 0 0 0 -1 -1 0 -1 -1
bB_c 1 -1 -1 -1 -1 1 1 -1 0 -1 -1 0 0 0 0 -1 -1 0 -1 -1
bv_c 1 -1 -1 -1 -1 1 1 -1 0 -1 -1 0 0 0 0 -1 -1 0 -1 -1
ts_c 1 -1 -1 -1 -1 -1 -1 1 1 -1 -1 0 0 0 0 -1 -1 0 -1 -1
ts_rh_c 1 -1 -1 -1 -1 -1 -1 1 -1 -1 -1 0 0 0 0 1 -1 0 -1 -1
ts_r_c 1 -1 -1 -1 -1 -1 -1 1 -1 -1 -1 0 0 0 0 1 -1 0 -1 -1
ts>_c 1 -1 -1 -1 -1 -1 -1 1 1 -1 -1 0 0 0 0 -1 -1 0 -1 -1
tsr_c 1 -1 -1 -1 -1 -1 -1 1 -1 -1 -1 0 0 0 0 -1 -1 0 -1 -1
dz_c 1 -1 -1 -1 -1 1 -1 1 1 -1 -1 0 0 0 0 -1 -1 0 -1 -1
dzr_c 1 -1 -1 -1 -1 1 -1 1 1 -1 -1 0 0 0 0 1 -1 0 -1 -1
tS_c 1 -1 -1 -1 -1 -1 -1 1 -1 -1 -1 0 0 0 0 -1 -1 0 -1 -1
tSj_c 1 -1 -1 -1 -1 -1 -1 1 -1 -1 -1 0 0 0 0 -1 -1 0 -1 -1
dZ_c 1 -1 -1 -1 -1 1 -1 1 -1 -1 -1 0 0 0 0 -1 -1 0 -1 -1
cC_c 1 -1 -1 -1 -1 -1 -1 1 -1 1 -1 1 -1 1 -1 -1 -1 0 -1 -1
kx_c 1 -1 -1 -1 -1 -1 -1 -1 0 1 -1 1 -1 0 0 -1 -1 0 -1 -1
qX_c 1 -1 -1 -1 -1 -1 -1 -1 0 1 -1 -1 -1 -1 1 -1 -1 0 -1 -1
kp_c 1 -1 -1 -1 -1 -1 1 -1 0 1 -1 1 -1 0 0 -1 -1 0 -1 -1
gb_c 1 -1 -1 -1 -1 1 1 -1 0 1 -1 1 -1 0 0 -1 -1 0 -1 -1
pt_c 1 -1 -1 -1 -1 -1 1 1 1 -1 -1 0 0 0 0 -1 -1 0 -1 -1
bd_c 1 -1 -1 -1 -1 1 1 1 1 -1 -1 0 0 0 0 -1 -1 0 -1 -1
tsh_c 1 -1 -1 -1 -1 -1 -1 1 1 -1 -1 0 0 0 0 -1 -1 0 -1 -1
tshr_c 1 -1 -1 -1 -1 -1 -1 1 -1 -1 -1 0 0 0 0 -1 -1 0 -1 -1
tSh_c 1 -1 -1 -1 -1 -1 -1 1 -1 -1 -1 0 0 0 0 -1 -1 0 -1 -1
cCh_c 1 -1 -1 -1 -1 -1 -1 1 -1 1 -1 1 -1 1 -1 -1 -1 0 -1 -1
tS>_c 1 -1 -1 -1 -1 -1 -1 1 -1 -1 -1 0 0 0 0 -1 -1 0 -1 -1
cC>_c 1 -1 -1 -1 -1 -1 -1 1 -1 1 -1 1 -1 1 -1 -1 -1 0 -1 -1
t!_c 1 -1 -1 -1 -1 -1 -1 1 1 -1 -1 0 0 0 1 -1 -1 0 -1 -1
d!_c 1 -1 -1 -1 -1 1 -1 1 1 -1 -1 0 0 0 1 -1 -1 0 -1 -1
I? -1 1 1 -1 -1 1 -1 -1 0 1 -1 1 -1 1 -1 -1 1 0 -1 -1
i: -1 1 1 -1 -1 1 -1 -1 0 1 -1 1 -1 1 -1 -1 -1 1 -1 -1
u? -1 1 1 -1 -1 1 1 -1 0 1 1 1 -1 -1 1 -1 1 0 -1 -1
?u -1 1 1 -1 -1 1 1 -1 0 1 1 1 -1 -1 1 -1 1 0 -1 -1
u: -1 1 1 -1 -1 1 1 -1 0 1 1 1 -1 -1 1 -1 -1 1 -1 -1
a: -1 1 1 -1 -1 1 -1 -1 0 1 -1 -1 1 -1 -1 -1 -1  1 -1 -1
@: -1 1 1 -1 -1 1 -1 -1 0 1 -1 -1 1 -1 -1 -1 -1  1 -1 -1
a? -1 1 1 -1 -1 1 -1 -1 0 1 -1 -1 1 -1 -1 -1 1 0 -1 -1
?a: -1 1 1 -1 -1 1 -1 -1 0 1 -1 -1 1 -1 -1 -1 1 1 -1 -1
?@: -1 1 1 -1 -1 1 -1 -1 0 1 -1 -1 1 -1 -1 -1 1 1 -1 -1
T~ 1 -1 1 -1 -1 -1 -1 1 1 -1 -1 0 0 0 0 -1 0 0 1 -1
d~ 1 -1 -1 -1 -1 1 -1 1 1 -1 -1 0 0 0 0 -1 0 0 1 -1
t~ 1 -1 -1 -1 -1 -1 -1 1 1 -1 -1 0 0 0 0 -1 0 0 1 -1
s~ 1 -1 1 -1 -1 -1 -1 1 1 -1 -1 0 0 0 0 -1 0 0 1 -1
z~ 1 -1 1 -1 -1 1 -1 1 1 -1 -1 0 0 0 0 -1 0 0 1 -1
hv  1 -1 -1 -1 -1 1 -1 -1 0 -1 -1 0 0 0 0 -1 1 0 -1 -1
a- -1 1 1 -1 -1 1 -1 -1 0 1 -1 -1 1 -1 -1 -1 -1 -1 -1 1
a~ -1 1 1 -1 -1 1 -1 -1 0 1 -1 -1 1 -1 -1 -1 -1 -1 -1 1
a:- -1 1 1 -1 -1 1 -1 -1 0 1 -1 -1 1 -1 -1 -1 -1  1 -1 1
e- -1 1 1 -1 -1 1 -1 -1 0 1 -1 -1 -1 1 -1 -1 -1 -1 -1 1
i- -1 1 1 -1 -1 1 -1 -1 0 1 -1 1 -1 1 -1 -1 -1 -1 -1 1
i:- -1 1 1 -1 -1 1 -1 -1 0 1 -1 1 -1 1 -1 -1 -1 1 -1 1
o- -1 1 1 -1 -1 1 1 -1 0 1 1 -1 -1 -1 1 -1 -1 -1 -1 1
u- -1 1 1 -1 -1 1 1 -1 0 1 1 1 -1 -1 1 -1 -1 -1 -1 1
u:- -1 1 1 -1 -1 1 1 -1 0 1 1 1 -1 -1 1 -1 -1 1 -1 +1
bh 1 -1 -1 -1 -1 1 1 -1 0 -1 -1 0 0 0 0 -1 -1 0 -1 -1
dh  1 -1 -1 -1 -1  1 -1 1  1 -1 -1 0 0 0 0 -1 -1 0 -1 -1
dhr 1 -1 -1 -1 -1  1 -1 1 -1 -1 -1 0 0 0 0 -1 -1 0 -1 -1
gh 1 -1 -1 -1 -1 1 -1 -1 0 1 -1 1 -1 0 0 -1 -1 0 -1 -1
J 1 -1 -1 -1 -1 1 -1 1 -1 1 -1 1 -1 1 -1 -1 -1 0 -1 -1
n- 1 1 -1 -1 1 1 -1 1 1 -1 -1 0 0 0 0 -1 -1 0 -1 -1
rrh 1 1 1 -1 -1 1 -1 1 -1 -1 -1 0 0 0 0 1 -1 0 -1 -1
thr 1 -1 -1 -1 -1 -1 -1 1 -1 -1 -1 0 0 0 0 -1 -1 0 -1 -1
Jh 1 -1 -1 -1 -1 1 -1 1 -1 1 -1 1 -1 1 -1 -1 -1 0 -1 -1
